+2348169407230,
+2348106763274,
+2349071970215,
+2347065405295,
+2348065328340,
+2348150677294,
+2347035099330,
+2348105682645,
+2348188971582,
+2349016264225,
+2349034924149,
+2349121619502,
+2348167935468,
+2349049265017,
+2348097306426,
+2347067924136,
+2348035671138,
+2348168900864,
+2348133762218,
+2348104201638,
+2347012714097,
+2349063313130,
+2348051517754,
+2349070824051,
+2348068273507,
+2348122888286,
+2348133018224,
+2348131665714,
+2348084068403,
+2348087188272,
+2348154193124,
+237685882707,
+2348103370375,
+2348176215351,
+2348166324318,
+2348166520234,
+2348093895640,
+2349047255477,
+2348061121676,
+2348122438594,
+2349036001091,
+2348069209664,
+2349065883658,
+2348143966477,
+2349076544627,
+2348139081842,
+2348100513662,
+2348087557931,
+2348160671508,
+2347032315836,
+2348088547298,
+2347013302293,
+2349012308352,
+2348160430233,
+2349014984033,
+2348082589921,
+2347048634832,
+2348054034438,
+2348125729232,
+233507731474,
+2348136968880,
+2348077150253,
+2348029477968,
+2348160112597,
+2348183921233,
+2348029003728,
+2348111877498,
+2348083446849,
+2348147321608,
+2348137624791,
+2347032386502,
+2348169531970,
+2348103435011,
+2348037224379,
+2349016046602,
+2348033893279,
+2348105385851,
+2348108529082,
+2348131967017,
+2347016415674,
+2348034151569,
+2349036258694,
+2347049308945,
+2348025014739,
+2347038391312,
+2348131021883,
+2348162883428,
+2348147738216,
+2348105402271,
+2349011796675,
+2348068136440,
+2349153435813,
+2347062419199,
+2348112301544,
+2349049388718,
+2349030838731,
+2349046448383,
+2348064131611,
+2349055725841,
+2348069075346,
+2349028492021,
+2348059229502,
+2347041881985,
+2348146987215,
+2349025474177,
+2348165942991,
+2348095971102,
+2347085967159,
+2349045926200,
+2348085816525,
+2347012347105,
+2348109687694,
+2348039385268,
+2348180170336,
+2347054573670,
+2347050427892,
+2347061110923,
+2348100636904,
+2348119423343,
+2348036205383,
+2347044464322,
+2348115642882,
+2348080523590,
+2349036376597,
+2347069379140,
+2348141862627,
+2349132311686,
+2348098926002,
+2348029834197,
+2347010112335,
+2348167997730,
+2347034778508,
+2347032183511,
+2349025675784,
+2349059048680,
+2348137571635,
+2349033469405,
+2349037865701,
+2348107222516,
+2347030062445,
+2348054700592,
+2349135901281,
+2348148006866,
+2349025631872,
+2348130301487,
+2348034889422,
+2349035432817,
+2348165323600,
+2348032983993,
+2348079032874,
+2348139760202,
+2348107317853,
+2348034479129,
+2349076018212,
+256756239144,
+2348039211674,
+2349075849524,
+2349097765045,
+2349064094017,
+2348094792561,
+2349061750909,
+2347060761076,
+2347037556781,
+2348080841881,
+2348109642111,
+2348037821832,
+2349090484200,
+2348104835864,
+2348059363090,
+2348061991896,
+2348098269558,
+2347062203136,
+2348025815059,
+2348172846021,
+2348161899128,
+2348075476568,
+2349010295681,
+2348152683538,
+2348147394644,
+2347032057941,
+2349052151093,
+2348038300979,
+2349049189270,
+2347067721107,
+2348140145759,
+2349076082423,
+2348051039495,
+2348061690607,
+2347037410575,
+2349079842138,
+2348038704035,
+2349058583063,
+2349066562639,
+2348062323733,
+2347069769372,
+2349033614285,
+2348112313913,
+2348024722654,
+2349063215092,
+2349072504016,
+2348137123350,
+2347031667605,
+2349152371519,
+2348068676106,
+2348063942788,
+2348149107418,
+2349037862907,
+2348103134199,
+2349066376568,
+2348107389116,
+2349076572768,
+2348061644102,
+2348033071917,
+2348163399173,
+2348166091269,
+2348144697114,
+2348069242579,
+2348103541798,
+2349138738041,
+2347068958170,
+2347063529900,
+2347061519874,
+2348146044994,
+2349020514964,
+2348173238314,
+2348084574948,
+2348089818081,
+2349019431120,
+2349071790263,
+2347065896242,
+2349026076592,
+2347055194163,
+2348102596813,
+2348063269603,
+2347066277533,
+2348167428410,
+2349067569589,
+2349096312583,
+2349061583991,
+2348067667134,
+2348029678511,
+2349077588504,
+2347080336479,
+2348026136865,
+2348031558665,
+2349032914856,
+2349134131684,
+2348153329197,
+2348160927556,
+2348117176685,
+923013245196,
+2348133777266,
+2348104974105,
+2347040433697,
+2348103850267,
+2348066939427,
+2349039278010,
+2347083387904,
+2348137234884,
+2349152398472,
+2348161280332,
+2349064417899,
+2348100587627,
+2348063779583,
+2347066313006,
+2348163279462,
+2349065367462,
+2348107606506,
+2347026790809,
+2348060000193,
+2348072341506,
+2348158944456,
+2349096465822,
+2347067438406,
+2347054820994,
+2347063564858,
+2348144581836,
+2348143899849,
+2348122456686,
+2347037572946,
+2349153495160,
+2347064192126,
+2348087991681,
+2349017143103,
+2349033916741,
+2349038553675,
+2348110961786,
+2349068861571,
+2347081029493,
+2349060095935,
+2348144762715,
+2349076154775,
+2347026592601,
+2348106764564,
+2348036546731,
+2348134950250,
+2349155562231,
+2348135582890,
+2349069640650,
+2347032478804,
+2347039759946,
+2348088906591,
+2347041732583,
+2349086500828,
+2348139742877,
+2347033964114,
+2347049387170,
+2348147521995,
+2349039755057,
+2349015560866,
+2349065125712,
+2349028272237,
+2348148019654,
+2348103572898,
+2348062744243,
+2348142883746,
+2347035661456,
+2348106221809,
+2347062622511,
+2348081398068,
+2348141893917,
+2347014203312,
+2348141711208,
+2349038708831,
+2348021919543,
+2348106562945,
+2347034252656,
+2349123552011,
+2349063274489,
+2348106320722,
+2347089435714,
+2348161708658,
+2348132188587,
+2348066542654,
+2348138835650,
+2349034578392,
+2347063429579,
+2349081768404,
+2347066261274,
+2349030979339,
+2349034310100,
+2349056137578,
+2349042123589,
+2348145928127,
+2348105798693,
+2348140942861,
+2348125672459,
+2347086600293,
+2349031516513,
+2349060123121,
+2349065915524,
+2348067910461,
+2348169711450,
+2349090642545,
+2348167997730,
+2348180155052,
+2349063619757,
+2349037805537,
+2348102590791,
+2348108264932,
+2348168273958,
+2349130732262,
+2349064317333,
+2347041222258,
+2348065463171,
+2348037303001,
+2348143192323,
+2348179724724,
+2348058803453,
+2348026501149,
+2349071969879,
+2349013034948,
+2349072460387,
+2349037864070,
+2349063680265,
+2348111225767,
+2348064577476,
+2348161114637,
+2348129498179,
+2348149209457,
+2349046047264,
+2349152507618,
+2348036861621,
+2349067889878,
+2348054464811,
+2348163404716,
+2348100780096,
+2348039109016,
+2349030149914,
+2347039854629,
+2349054822447,
+2349071090991,
+2348150703479,
+2348149743171,
+2347064349217,
+2348163026179,
+2348149207321,
+2347017274941,
+2349032335206,
+2348117083294,
+2348140975767,
+2348065575958,
+2348167478631,
+2348093649750,
+2349071559071,
+2349055509089,
+2348026119775,
+2349035218685,
+2348132188319,
+2348109601445,
+2347059263280,
+19315914399,
+2348106647934,
+2347032688210,
+2348062684560,
+2348142315598,
+2349032782098,
+2349030105776,
+2347089221477,
+2348167192210,
+2348023841606,
+2348108044747,
+2349028682852,
+2348067374077,
+2348067035959,
+2348147840848,
+2347085602021,
+2348167997730,
+2348101117022,
+2349124436343,
+2347012259304,
+2349096655123,
+2349033117570,
+2348139615830,
+2348023245923,
+2348136170033,
+2348030815972,
+2347044335666,
+2348057479473,
+2348064914588,
+2348068563296,
+2348155712705,
+2348101578090,
+2347068699563,
+2347030469256,
+2348160221584,
+2347035229504,
+2349036618061,
+2348106341850,
+2348144799388,
+2348169834461,
+2348027163563,
+2348186800480,
+2348063284885,
+2347037189687,
+2348105682645

